C_00 = 11.093358483549203
C_10 = -39.08104165843915
C_01 = -9.525647087583181
C_20 = 20.573302305476638
C_11 = 38.42885066644033
score = 0.9980798127312949
******************************
d00: 0.5009717811726693
d10: 0.11823595371065385
d01: -0.41225540923278853
d20: -0.002065562409668875
d11: -0.04287969844506664
score = 0.9985774224226157
******************************
e00: -9.855774395877377
e10: 3.0164756915292554
e01: 26.716368783384496
score = 0.970955809746013
