mass: 67g
clearance from ground: 5.8cm
cf100, cf101, cf102


C_00 = 44.10386631845999
C_10 = -122.51151800146272
C_01 = -36.18484254283743
C_20 = 53.10772568607133
C_11 = 107.6819263349139
score = 0.9946585083134842
******************************
d00: 0.561017062055875
d10: 0.06135389856609207
d01: -0.6001597499320974
d20: -0.0006514536998377674
d11: -0.015437909263784723
score = 0.9970121032705856
******************************
e00: -29.905913812012912
e10: 8.103883955781878
e01: 65.20199980367249
